逐步记录（env 0）

**决定性判据**：抽屉沿 +X 打开。作用在抽屉上的接触力若是 +X，是正常拉开；
若接触力是 -X 而抽屉仍在 +X 移动，说明它不是被推开的——那是求解器异常或别的驱动源。

   步     开度mm     速度mm/s    |F|N       Fx       Fz    点数      钩杆vx      钩杆vz
   0     0.00       0.00    0.00    +0.00    +0.00     0     -86.4     -96.6
   6     0.00       0.00    0.00    +0.00    +0.00     0    -531.9    -510.4
  12     0.00       0.00    3.35    -3.37    -0.95     1     -95.9    -320.0
  18     0.00       0.00    0.00    +0.00    +0.00     0    -306.8    -171.4
  24     0.00      -2.14    6.33    -2.98    -1.97     1    +411.5     -45.4
  30     3.40      13.88    9.81    -2.73    +0.07     1    +293.2     +24.1
  36     7.11       1.16   11.55    -3.76    +0.36     1    +212.3     +61.6
  42     8.10     -20.43    7.88    -3.99    +0.08     1     -39.3     +70.4
  48     9.55      41.26   15.94    -8.84    +0.43     1    +248.8    +134.7
  54    22.84     138.13   25.19    +0.45   +11.44     2    +444.1     +27.1
  60    53.87     251.16   19.70    +4.91   +13.41     2    +511.6     +72.8
  66    89.69     270.85   17.29    +6.40   +16.52     1    +498.2    +128.8
  72   121.31     168.07   14.65    +5.16   +14.21     1    +194.2      -9.5
  78   129.45      16.05    0.00    +0.00    +0.00     0    +731.0    +122.8
  84   129.78     -10.68    0.00    +0.00    +0.00     0    -476.8    +793.8
  90   129.37      -0.53    0.00    +0.00    +0.00     0    -366.8    +722.7
  96   129.35      -0.03    0.00    +0.00    +0.00     0    -100.7    +358.3
 102   129.35      -0.00    0.00    +0.00    +0.00     0     -14.7     +93.7
 108   129.35      -0.00    0.00    +0.00    +0.00     0      +3.6     +16.5
 114   129.35       0.00    0.00    +0.00    +0.00     0     +14.2      +4.4
 120   129.35       0.00    0.00    +0.00    +0.00     0      +9.5      -6.1
 126   129.35       0.00    0.00    +0.00    +0.00     0      +4.0     -19.5
 132   129.35       0.00    0.00    +0.00    +0.00     0      +5.6     -25.8
 138   129.35       0.00    0.00    +0.00    +0.00     0     +16.6     -18.3
 144   129.35       0.00    0.00    +0.00    +0.00     0      +4.6     -17.5

抽屉在动的控制步数 = 57
  其中**接触力接近零**的步数 = 13  (22.8%)
  运动期间平均接触力 = 12.681 N
  运动期间平均接触点数 = 1.05

判定 A（接触是否持续）：部分滑行 —— 无接触占比 22.8%

判定 B（力的方向是否解释运动）：抽屉正在打开的步数 = 50
  受力 +X（推开，正常）    35  ( 70.0%)
  受力 -X（推回，反常）     4  (  8.0%)
  几乎无力（滑行）        11  ( 22.0%)
  -> 抽屉是被正常推开的

横钩世界系朝向（最后一步，各 env）：
  env0: [+0.98, +0.21, -0.04]  指向外(+X，勾不上)
  env1: [+1.00, +0.03, -0.04]  指向外(+X，勾不上)
  env2: [+0.60, -0.68, -0.43]  指向侧面(±Y，勾不上)
  env3: [+0.66, -0.74, -0.13]  指向侧面(±Y，勾不上)
  env4: [+0.89, -0.44, +0.10]  指向外(+X，勾不上)
  env5: [+0.48, -0.77, -0.42]  指向侧面(±Y，勾不上)
  env6: [+0.79, +0.55, -0.26]  指向侧面(±Y，勾不上)
  env7: [+0.81, -0.51, -0.29]  指向侧面(±Y，勾不上)
